[Variables]
nozzle_expansion_applied_offset = 0.087000000001247
nozzle_expansion_coefficient = 0.07250000000103916

